date,수온,생산량,가격 (원)
2013-12-01,17.8,21006,3225.0
2014-01-01,15.85,5663,3422.0
2014-02-01,13.9,3565,4073.0
2014-03-01,14.1,2620,3891.0
2014-04-01,14.3,1525,4259.0
2014-05-01,16.35,412,3512.0
2014-06-01,18.4,826,4046.0
2014-07-01,20.75,4155,3931.0
2014-08-01,23.1,14437,3534.0
2014-09-01,22.85,11595,3141.0
2014-10-01,22.6,10309,3703.0
2014-11-01,19.55,26189,3969.0
2014-12-01,16.5,28457,4105.0
2015-01-01,14.75,13198,4408.0
2015-02-01,13.0,6464,5185.0
2015-03-01,13.45,12532,4422.0
2015-04-01,13.9,9890,4469.0
2015-05-01,17.1,15,4631.0
2015-06-01,20.3,3245,4216.0
2015-07-01,20.85,5568,3366.0
2015-08-01,21.4,12866,2689.0
2015-09-01,20.2,10058,3047.0
2015-10-01,19.0,12177,2868.0
2015-11-01,17.75,12694,2784.0
2015-12-01,16.5,13593,3162.0
2016-01-01,14.1,14466,3140.0
2016-02-01,11.7,2065,2972.0
2016-03-01,13.8,3105,3199.0
2016-04-01,15.9,4885,3610.0
2016-05-01,15.65,1352,3744.0
2016-06-01,15.4,1761,2865.0
2016-07-01,17.15,4400,2818.0
2016-08-01,18.9,10432,2605.0
2016-09-01,20.35,15717,2758.0
2016-10-01,21.8,15793,2863.0
2016-11-01,19.95,25634,2795.0
2016-12-01,18.1,14473,2940.0
2017-01-01,16.0,8352,2922.0
2017-02-01,13.9,2358,2792.0
2017-03-01,14.75,1553,3019.0
2017-04-01,15.6,175,3000.0
2017-05-01,16.0,540,3130.0
2017-06-01,16.4,1762,2972.0
2017-07-01,18.35,5981,2891.0
2017-08-01,20.3,11821,2775.0
2017-09-01,20.45,8402,2767.0
2017-10-01,20.6,4603,2961.0
2017-11-01,18.2,8152,2930.0
2017-12-01,15.8,30662,2878.0
2018-01-01,14.05,14271,3052.0
2018-02-01,12.3,2275,2967.0
2018-03-01,13.1,9874,3094.0
2018-04-01,13.9,2765,3212.0
2018-05-01,17.1,2,3000.0
2018-06-01,20.3,89,3000.0
2018-07-01,20.25,7950,3193.0
2018-08-01,20.2,10674,3000.0
2018-09-01,21.25,18739,2696.0
2018-10-01,22.3,15213,2287.0
2018-11-01,19.2,18957,2369.0
2018-12-01,16.1,9546,2455.0
2019-01-01,15.45,15328,2530.0
2019-02-01,14.8,1687,2406.0
2019-03-01,15.95,1604,2417.0
2019-04-01,17.1,762,2023.0
2019-05-01,16.85,78,1900.0
2019-06-01,16.6,60,2544.0
2019-07-01,17.45,1199,3188.0
2019-08-01,18.3,4964,2807.0
2019-09-01,19.85,4616,2492.0
2019-10-01,21.4,6956,2005.0
2019-11-01,20.25,10895,2512.0
2019-12-01,19.1,32883,2833.0
2020-01-01,17.15,3475,3000.0
2020-02-01,15.2,8258,3481.0
2020-03-01,14.9,3051,3451.0
2020-04-01,14.6,348,3200.0
2020-05-01,15.15,141,3350.0
2020-06-01,15.7,198,3500.0
2020-07-01,17.45,5481,3650.0
2020-08-01,19.2,4492,2971.0
2020-09-01,20.45,6553,3346.0
2020-10-01,21.7,8015,3481.0
2020-11-01,19.7,13032,3548.0
2020-12-01,17.7,10044,3083.0
2021-01-01,16.35,10747,3379.0
2021-02-01,15.0,6008,3360.0
2021-03-01,16.0,4216,3565.0
2021-04-01,17.0,2361,2755.0
2021-05-01,17.4,89,4700.0
2021-06-01,17.8,171,4205.0
2021-07-01,18.3,2584,3025.0
2021-08-01,18.8,5806,3008.0
2021-09-01,21.0,13591,3504.0
2021-10-01,23.2,11448,3310.0
2021-11-01,20.2,16245,3422.0
2021-12-01,17.2,26718,3437.0
2022-01-01,15.65,13448,3579.0
2022-02-01,14.1,2162,3847.0
2022-03-01,14.7,3340,3695.0
2022-04-01,15.3,151,4646.0
2022-05-01,16.95,232,5597.0
2022-06-01,18.6,585,4638.0
2022-07-01,19.3,2507,3936.0
2022-08-01,20.0,3900,3543.0
2022-09-01,21.35,5494,2733.0
2022-10-01,22.7,5339,2875.0
2022-11-01,19.55,24533,2989.0
2022-12-01,16.4,16592,3103.0
